1 [A 0, 300] 1 [VACÍO 300, 1700]
2 [B 0, 100] 2 [A 100, 200] 2 [VACÍO 300, 1700]
3 [B 0, 100] 3 [VACÍO 100, 1900]
4 [VACÍO 0, 2000]
5 [VACÍO 0, 2000]
6 [VACÍO 0, 2000]
7 [VACÍO 0, 2000]
8 [VACÍO 0, 2000]
9 [VACÍO 0, 2000]
10 [VACÍO 0, 2000]
11 [VACÍO 0, 2000]
12 [VACÍO 0, 2000]
13 [VACÍO 0, 2000]
14 [VACÍO 0, 2000]
15 [VACÍO 0, 2000]
16 [VACÍO 0, 2000]
17 [VACÍO 0, 2000]
18 [VACÍO 0, 2000]
19 [VACÍO 0, 2000]
20 [VACÍO 0, 2000]
21 [VACÍO 0, 2000]
22 [VACÍO 0, 2000]
23 [VACÍO 0, 2000]
24 [VACÍO 0, 2000]
25 [VACÍO 0, 2000]
26 [VACÍO 0, 2000]
27 [VACÍO 0, 2000]
28 [VACÍO 0, 2000]
29 [VACÍO 0, 2000]
30 [C 0, 400] 30 [VACÍO 400, 1600]
31 [C 0, 400] 31 [VACÍO 400, 1600]
32 [C 0, 400] 32 [VACÍO 400, 1600]
33 [C 0, 400] 33 [VACÍO 400, 1600]
34 [VACÍO 0, 2000]
35 [VACÍO 0, 2000]
36 [VACÍO 0, 2000]
37 [VACÍO 0, 2000]
38 [VACÍO 0, 2000]
39 [VACÍO 0, 2000]
40 [VACÍO 0, 2000]
41 [VACÍO 0, 2000]
42 [VACÍO 0, 2000]
43 [VACÍO 0, 2000]
44 [VACÍO 0, 2000]
45 [VACÍO 0, 2000]
46 [VACÍO 0, 2000]
47 [VACÍO 0, 2000]
48 [VACÍO 0, 2000]
49 [VACÍO 0, 2000]
50 [D 0, 150] 50 [VACÍO 150, 1850]
51 [D 0, 150] 51 [VACÍO 150, 1850]
52 [D 0, 150] 52 [VACÍO 150, 1850]
53 [D 0, 150] 53 [VACÍO 150, 1850]
54 [D 0, 150] 54 [VACÍO 150, 1850]
55 [VACÍO 0, 2000]
